x = [1 6 10 14 18 20 24 28 32 36 40 44 ];
name = {'/export/data/fredrikm/inf236/graphs/rgg_n_2_22_s0' };
n = [4194304 ];
nz = [30359198 ];
TimeSequentialBFS = [1.992206 ];
TimeParallelBFS = [1.253210 0.220761 0.156855 0.141139 0.134175 0.134110 0.146059 0.159544 0.171189 0.181759 0.188489 0.159386 ];
TimeAParallelBFS = [0.988329 0.226095 0.158465 0.138407 0.131591 0.131966 0.137000 0.149491 0.157165 0.165129 0.141935 0.274055 ];
