n = [8192,16384,32768,65536,131072,262144,524288,1048576,2097152,4194304]
Threads = [1,8,16,24,32,45,60,80]
Seq = [0.012309,0.027045,0.059644,0.129805,0.281754,0.566614,0.695526,1.250750,2.675398,5.848610]
Par = [0.012715,0.006635,0.007358,0.007853,0.009392,0.011584,0.014279,0.023455,0.027881,0.010882,0.011435,0.011590,0.013057,0.016302,0.018282,0.024643,0.060904,0.024527,0.021417,0.018390,0.021380,0.022970,0.025615,0.035597,0.132973,0.044018,0.039809,0.039134,0.038392,0.043461,0.042543,0.053475,0.288749,0.094190,0.073951,0.069454,0.068219,0.076582,0.082313,0.086906,0.460772,0.187122,0.153260,0.122503,0.150938,0.149608,0.150319,0.159599,0.952784,0.377141,0.318810,0.303368,0.296188,0.290969,0.283742,0.309422,1.366191,0.721576,0.691613,0.399966,0.630833,0.596058,0.581661,0.368572,3.070086,1.245434,1.347650,1.271064,1.000874,1.137857,1.161265,1.181467,6.514826,2.971493,2.198677,2.262523,1.811260,2.093566,2.297263,2.320062]
SpeedUp = [.96806920959496657491,1.85516201959306706857,1.67287306333242729002,1.56742646122500955049,1.31058347529812606473,1.06258632596685082872,.86203515652356607605,.52479215519079087614,.97001542268928661095,2.48529682043741959198,2.36510712724092697857,2.33347713546160483175,2.07130274948303591943,1.65899889584100110415,1.47932392517230062356,1.09747189871363064561,.97931170366478392223,2.43176907081991274921,2.78489050754073866554,3.24328439369222403480,2.78971000935453695042,2.59660426643447975620,2.32847940659769666211,1.67553445515071494788,.97617561459845231738,2.94890726520968694624,3.26069481775477907005,3.31693667910257065467,3.38104292560950197957,2.98670072018591380778,3.05114825000587640739,2.42739597942964001870,.97577480787812252163,2.99133665994266907315,3.81000933050263011994,4.05669939816281279695,4.13013969715181987422,3.67911519678253375466,3.42295870640117599893,3.24205463374220422065,1.22970579809537037840,3.02804587381494426096,3.69707686284744877985,4.62530713533546117237,3.75395195378234771893,3.78732420726164376236,3.76941038724312961102,3.55023527716339074806,.72999336680716720683,1.84420680859413322868,2.18163169285781499952,2.29268083647583133356,2.34825853849582022229,2.39037835645721709185,2.45126206201408321644,2.24782336097627188758,.91550156603286070542,1.73335864829207179839,1.80845357157832487243,3.12714080696859233034,1.98269589574419854383,2.09836962174821913303,2.15030748150555048387,3.39350249069381287780,.87144073488495110560,2.14816521790797424833,1.98523207064148703298,2.10484916573831058074,2.67306174403571278702,2.35126030775396205322,2.30386518150465225422,2.26447120402008689197,.89773848142682552074,1.96823953480624049930,2.66005875351404503708,2.58499471607581447790,3.22902841116129103497,2.79361147439345117373,2.54590353825400052149,2.52088521772262982627]
